4549 4472 4748 4683 4980 4950 5076 4889 4823 5184 5087 4834 4612 4523 5064 4771 4435 4930 4462 4974 4118 4768 4983 4632 4246 4641 4859 4102 4098 4436 4443 4521 4670 4328 4316 5020 5250 4755 4560 4805 4409 4738 4365 4644 4568 4641 4796 4809 4819 4510 4605 4711 4559 4581 5033 4404 4755 4985 4431 4423 4582 4671 4661 4737 4523 4845 4685 5112 5053 5208 4525 5022 4737 5299 4815 4858 4982 4582 4722 4812 4367 4869 4852 4627 4667 4676 5165 4673 4371 4915 4391 4461 5068 4413 4812 4875 4879 4720 4476 4324
5084 5548 5423 5030 5906 5718 5569 5313 5319 5567 5570 5741 5368 5217 5624 5679 4949 5671 5582 5781 5084 5644 5731 5696 4974 5372 5332 4951 5098 5048 5161 5248 5520 5109 5211 5691 5965 5285 5389 5243 5178 5454 5297 5721 5186 5355 5384 5697 5956 5508 5518 5423 5292 5482 5648 5052 5227 5834 5379 5198 5118 5154 5325 5664 5426 5621 5141 5790 5545 5926 5668 5175 5494 5870 5603 5519 5849 5528 5101 5432 5149 5309 5427 5320 5522 5126 5710 5585 5432 5806 5214 5382 5761 5160 5487 6051 5934 5319 5045 4911
4657 4957 5160 4752 5560 5324 5239 5034 4992 5455 5163 5425 5129 4836 5441 5176 4567 5209 5291 5202 5180 5116 5429 5401 4859 5315 5166 4591 4799 4889 4882 4827 5148 4679 4846 5591 5562 5149 5001 4960 4707 5254 5015 5186 5022 5040 4920 5124 5403 5087 5250 5268 4749 5271 5324 4977 4517 5815 5049 4508 4567 4657 5176 5623 4943 5087 4942 5342 5081 5437 5238 5116 5250 5388 5293 5219 5285 5161 4844 4907 4774 5304 5192 5038 5108 5048 5420 5106 5098 5129 4748 5167 5608 5005 5301 5739 5362 4816 4950 4660
4694 4933 5332 4832 5390 5330 5429 5092 5152 5328 5155 5308 5149 4765 4950 5006 4713 5209 5132 5203 4615 4931 5141 5141 4715 5134 4886 4497 4579 4538 4621 4842 5079 4690 4705 5233 5478 5153 4919 5053 4555 5231 5037 5050 5068 4780 5159 5093 5330 4762 5067 5037 5165 5180 5466 4895 5204 5674 4907 4803 4653 4797 4924 5251 5179 5044 5100 5312 4923 5318 5171 5148 5175 5376 5336 5220 5135 5172 4869 5354 4727 5128 5211 5198 5066 4879 5454 5481 4823 5419 4775 4495 5507 4978 5271 5386 5324 4793 4908 4665
4924 5642 5583 4994 5862 5652 5554 5192 4879 5707 5540 5753 5441 5197 5656 5390 4906 5610 5743 5549 5429 5358 5840 5888 5171 5302 5555 4721 5238 5403 5347 5380 5427 5278 4769 5858 5771 5444 5585 5418 5196 5444 5621 5599 5446 5422 5080 5586 6021 5285 5491 5861 5401 5325 5746 5554 5034 5869 5274 5162 4970 5469 5524 5671 5248 5362 5584 6138 5401 6011 5261 5413 5627 6019 5275 5659 5651 5478 5417 5599 4885 5483 5364 5343 5318 5113 5676 5323 5173 5539 5158 5631 5640 5380 5584 5894 5730 5250 5406 5169
4661 5064 5077 5156 5505 5427 5153 5275 5099 5367 5408 5045 5352 4583 5385 5508 4569 5319 5228 5384 4901 5204 5328 5322 4691 5051 5335 4733 4677 4694 4681 4812 5165 5093 4503 5445 5156 4984 5092 5010 4679 5345 5144 5135 5091 4722 5052 4943 5242 4924 5470 5036 5052 4947 5710 5100 4849 5563 4768 4715 4684 5079 5058 5309 5145 5145 5166 5369 5314 5654 4901 4965 4975 5563 4926 5247 5047 5226 5254 5238 4929 5066 5249 5108 5089 4772 5542 5101 4807 5221 4910 4757 5472 4892 5524 5139 5311 5148 4908 4840
4313 4626 4972 4650 5134 5228 5091 4685 4927 5214 4826 5112 4708 4856 4949 5052 4481 4870 5039 4748 4241 4783 5202 4992 4513 4784 4861 4364 4485 4264 4539 4654 4969 4798 4507 4972 5307 4734 4875 4792 4575 4838 4719 4666 4763 4594 4758 4893 5039 4546 5105 5052 4955 4988 5089 4703 4535 5274 4510 4503 4646 4739 4889 5208 4994 4897 4856 5202 4973 5240 4846 4723 4779 5324 4986 5096 5019 4903 4456 4857 4472 5060 5045 4867 4669 4888 5307 4928 4665 4790 4610 4635 5067 4627 5198 4971 5025 4730 4694 4533
4509 5333 4960 4573 5219 5013 5046 4808 4921 5219 5045 4987 5260 4538 5108 5132 4568 4990 4915 5365 4740 4902 5359 5221 4546 4647 4949 4032 4459 4796 4961 4722 4929 4659 4123 5097 5103 4593 4802 4824 4641 4769 4702 4918 4525 4881 4649 5054 5116 4975 5002 5284 4697 4841 5006 4986 4917 5386 4780 4857 4605 4796 4941 5177 4673 5053 4788 5489 5288 5343 4910 4981 4633 5471 4755 5208 5440 5094 4851 4950 4436 4921 5049 4969 4675 4602 5261 4946 4851 5236 4675 4600 5237 4698 5312 5081 5450 4837 4540 4436
4582 4993 5113 4851 5360 5163 5239 5015 4977 5219 5215 5486 5042 4738 5181 5212 4716 5102 4917 5036 4881 5072 5098 5156 5037 4939 5238 4578 4601 4600 4804 4667 5050 5165 4412 5302 5619 5025 4878 5066 4570 5006 5025 5106 5097 4802 4915 4899 5168 5086 5149 5262 4994 4840 5367 4990 4937 5530 4851 4752 4660 4875 5348 5312 5132 5078 4820 5278 5222 5374 4551 4955 4933 5680 4868 5084 5115 4882 4777 5114 4656 5051 5170 5219 5072 4801 5562 5377 4841 5272 4892 4486 5161 4896 5591 5030 5357 4955 4875 4741
4182 5114 4861 4321 5132 4942 4970 4670 4740 4905 4793 5016 4735 4570 4987 4931 4400 4869 5055 5264 4631 4738 5173 4940 4507 4640 4908 4264 4574 4837 4689 4771 4763 4777 4279 5390 5004 4881 4670 4455 4626 4898 5007 4858 4560 4632 4763 4819 5121 5034 4984 5229 4662 4718 4903 4796 4307 5354 4457 4676 4359 4928 4803 5116 4739 4800 4549 5359 4744 5067 4837 4669 4970 5078 4815 5075 5394 4851 4771 4722 4520 4860 4834 4570 5027 4813 4911 4938 4692 4876 4620 4477 5054 4903 5031 5268 5170 4942 4475 4493
4460 4864 4912 4688 5118 4905 5210 4951 4900 5226 4919 4898 4913 4437 5147 4923 4427 4978 4989 5019 4531 4808 5096 4894 4533 4640 4903 4363 4195 4420 4922 4699 4773 4925 4650 5349 5252 4907 4537 4794 4339 4858 4742 5213 4838 4699 4973 4946 4768 4699 5063 4841 4776 4878 5217 4973 4753 5361 4815 4595 4636 4803 4851 5241 4993 5007 4743 5258 4908 5183 4735 5061 4910 5220 4830 4972 5086 5047 4925 4758 4600 5026 5092 4919 4602 4719 5208 4872 4644 5165 4617 4622 5225 5041 5011 5002 5117 4970 4507 4627
4909 4943 5146 4835 5461 5400 5404 5334 4969 5520 5244 5274 5339 5027 5617 5556 4776 5459 4936 5275 4781 5418 5437 5392 5132 5050 5307 4520 4828 4734 5034 5160 4993 5104 4723 5504 5674 5215 5075 5283 4743 5555 5286 5455 5145 4844 5097 4999 5381 5216 5166 5236 5027 5060 5360 4900 4683 5678 4954 4603 5027 4898 4896 5430 5073 5205 5150 5412 5306 5592 4970 5192 5201 5790 5145 5418 5580 5166 4964 5386 4818 5102 5300 5057 5226 4986 5664 5268 4885 5474 4880 4845 5411 4986 5085 5183 5428 5106 5046 4592
4440 5364 5191 4900 5451 5043 5053 5024 5081 5378 5318 5173 5105 4546 5302 5433 4701 5057 5256 5535 4882 5171 5327 5144 4723 5021 5234 4635 4669 4746 4816 5009 5191 5063 4325 5198 5073 4986 4992 4983 4683 4939 4981 5269 4958 5075 5036 4853 5284 4817 5277 5438 4931 4890 5223 5076 4653 5719 4998 4942 4529 5207 4948 4914 5057 5208 4888 5532 4847 5450 4783 5058 4974 5207 5202 5227 5458 5035 4739 5180 4655 5062 5031 5100 4966 4720 5279 5275 4947 5154 5029 4899 5418 4842 5170 5364 5327 5027 5010 4662
5045 5385 5758 5135 5891 5532 5623 5438 5412 5647 5761 5579 5519 5053 5626 5541 4965 5855 5470 5638 4938 5622 5718 5616 5135 5333 5318 4819 5085 5002 5479 5292 5381 5243 4997 5483 5942 5426 4881 5584 4938 5772 5347 5544 5251 5009 5249 5456 5898 5469 5393 5452 5349 5613 5762 5333 5200 6105 5342 4780 5241 5365 5535 5904 5850 5432 5421 5639 5550 6052 5324 5562 5285 5964 5324 5588 5681 5543 5117 5621 4966 5492 5500 5480 5310 5376 6157 5514 5266 5805 5061 4992 5640 5370 5594 5292 5784 5480 5444 5027
4822 5231 5548 4737 5357 5199 5391 4765 5119 5372 5423 5326 5031 4850 5579 5392 4714 5223 5200 5346 4894 5333 5409 5215 4933 5244 5037 4547 4635 4967 4996 4960 5246 4995 4448 5492 5679 5036 4998 5067 5028 5081 5342 5062 4917 5006 5143 5216 5339 5131 5083 5214 4837 5153 5362 5129 4873 5732 4921 4940 4832 5079 5121 5480 5155 5025 5026 5505 5351 5446 5337 5146 4993 5401 4937 5445 5687 5363 5347 5394 4586 5225 5252 5179 5268 5156 5536 5190 4890 5112 4957 4898 5825 5031 5420 5294 5550 5041 5130 4706
4710 5168 5145 4676 5471 5218 5224 5004 5030 5517 5046 5377 5083 4903 5627 5461 4650 5360 5257 5378 4886 5272 5541 5417 5002 5062 5256 4527 4870 4931 4924 4970 5223 5164 4737 5394 5629 5140 5088 5151 4865 5483 5155 5205 5231 5079 5099 5211 5412 5365 5149 5361 4836 4990 5351 5042 4710 5786 5137 4902 4989 4971 5168 5582 4969 5197 5066 5352 5062 5492 5185 5322 5185 5684 5265 5390 5187 5095 5171 5425 4728 5231 5105 4976 5225 4927 5413 5186 4914 5444 4657 4701 5563 5229 5539 5403 5262 5383 5113 4702
4554 5114 4788 4404 5110 5097 4565 4691 4780 5228 5205 4936 4842 4436 5270 4823 4484 5152 5004 5004 4796 4739 5193 5293 4405 4616 4750 4277 4330 4485 4638 4720 4746 4747 4014 5231 5203 4654 4578 4674 4524 5079 4852 4870 4873 4699 4925 4748 5080 4858 4892 5052 4590 4670 5024 4589 4750 5307 4579 4674 4296 4757 4765 5055 4984 5098 4708 4966 4907 5083 4564 4633 4663 5248 4724 5208 5359 4746 4864 5065 4382 4988 4768 4816 4953 4758 5487 4673 4665 4998 4536 4524 5203 4721 5070 5083 4961 4681 4696 4418
5079 5431 5442 5129 5487 5814 5765 5419 5259 5573 5719 5667 5615 5280 5653 5591 4602 5590 5412 5821 5307 5430 5569 5304 5073 5579 5375 5177 4731 5159 5196 5084 5529 5123 5051 5649 5608 5585 5317 5211 5032 5185 5416 5543 5179 5239 5374 5321 5669 5271 5688 5424 5430 5263 5742 5408 5399 5782 5161 5041 4999 5104 5284 5797 5396 5359 5493 5860 5447 5817 5548 5264 5468 5897 5522 5612 5767 5431 5316 5401 5097 5507 5572 5598 5417 5082 5742 5566 5131 5571 5119 5557 5934 5220 5655 5634 5624 5314 5213 5044
4924 5509 5854 5371 5713 5553 5696 5603 5230 5715 5829 5949 5617 5056 5706 5843 5107 5888 5467 5641 5256 5576 6060 5961 5393 5397 5649 4899 4916 5276 5387 5322 5455 5324 4937 5854 6145 5854 5437 5466 5316 5700 5545 5512 5500 5197 5181 5376 5748 5419 5716 5926 5436 5302 5775 5281 5294 6258 5508 4889 5347 5284 5609 5780 5332 5485 5522 5919 5222 5789 5154 5322 5879 6238 5584 5854 5895 5427 5228 5692 4991 5777 5883 5507 5378 5189 5991 6082 5338 5752 5125 5231 5904 5143 5578 5588 5519 5491 5320 5464
4641 5231 5161 5158 5158 5181 5362 4778 5045 5410 5261 5232 4986 4625 5213 5318 4736 5282 5048 5267 4582 5142 5181 5066 4729 4829 5298 4528 4458 4651 5074 4858 4836 4980 4568 5208 5430 5109 4714 5206 4769 4957 5082 5284 5063 4694 4917 4752 5357 4961 5420 5204 5015 4782 5456 5035 5138 5544 4797 4678 4859 5090 4969 5734 5196 4900 4993 5395 5082 5508 4925 5259 4958 5340 4837 5111 5442 4915 5074 4996 4704 5185 5139 5117 4836 4953 5641 4985 5083 5213 4960 4826 5584 5007 5583 5528 5405 5085 4924 4918
4434 5261 4789 4549 5209 5219 5160 4859 4581 5072 4960 5114 5080 4744 5150 5302 4611 5171 5088 5212 4778 4960 5093 5127 4808 4766 4825 4281 4510 4842 5081 4716 4693 4792 4467 5491 5085 4820 5027 4920 4681 4956 4983 5123 4712 4905 4902 4680 5105 4830 4823 5036 4935 4547 5364 4979 4812 5403 5031 4572 4830 4929 5141 5006 4748 5102 4949 5494 4944 5491 4785 5005 5386 5330 4805 4816 5556 5111 4709 5145 4664 4689 4855 4905 4983 4679 5614 4853 4763 5179 4947 4837 5395 4761 5398 5164 5318 4941 4865 4764
4293 4800 4737 4481 4972 4711 5053 4835 4807 4620 5004 4931 4890 4439 4722 4972 4202 5117 4879 4944 4483 4873 4955 5027 4628 4755 4816 4375 4298 4493 4606 4711 4554 4615 4324 5165 5130 4823 4851 4808 4313 4803 4560 4881 4844 4551 4399 4579 5061 4761 4956 4835 4958 4559 4845 4711 4506 5087 4582 4309 4477 4602 4943 5061 5001 4702 4859 5123 4790 5123 4491 4940 4938 5094 4496 4951 5019 4753 4535 4924 4439 4985 4785 4681 4707 4226 5302 4907 4729 4689 4586 4539 4662 4541 4792 4651 5091 4858 4674 4552
4857 5155 5383 4854 5569 5439 5392 5145 5284 5274 5091 5201 5246 4954 5556 5527 4857 5369 5186 5570 5043 5300 5601 5531 5164 5213 5363 4860 5037 4988 4856 5033 4954 5184 5022 5151 5385 5119 5197 5204 5197 5611 5193 5420 5254 5220 5258 5080 5699 5148 5301 5530 5532 5059 5513 5008 4861 5798 4930 5007 5154 5068 5252 5175 5011 4880 5175 5398 4864 5815 5048 5286 5418 5359 5234 5374 5775 5200 5100 5540 5087 5080 5247 5013 5457 5277 5578 5338 4955 5451 4777 4903 5804 5151 5407 5526 5511 5183 5064 4943
4760 4973 4876 4519 5231 4991 5088 5024 4650 5295 5137 5090 4912 4583 5004 5328 4343 4968 4995 4994 4730 4957 5124 4991 4469 4712 5032 4451 4227 4775 4595 4853 4840 4969 4358 5333 5134 5088 4787 4745 4480 4590 4722 5024 4697 4628 4726 4722 5138 4851 4924 4783 4550 4664 5163 5055 4520 5224 4918 4666 4231 4846 4853 4951 4941 5273 4999 5158 4928 5186 4873 4867 4764 5370 4699 4916 5180 4964 4748 4804 4501 4752 4866 4709 5035 4479 5457 4940 4595 5104 4741 4675 5233 4827 5028 4973 5014 5145 4979 4409
4049 4421 4673 4034 4762 4393 4488 4218 4377 4831 4532 4613 4399 3961 4789 4610 4006 4452 4427 4667 4248 4419 4700 4631 4150 4142 4651 4037 4034 4105 4140 4497 4580 4513 4014 4945 5124 4356 4544 4123 4158 4538 4528 4473 4392 4167 4408 4264 4511 4428 4719 4659 4256 4277 4611 4504 4067 5062 4256 4042 4031 4354 4504 4897 4518 4368 4488 4698 4365 4944 4270 4489 4439 4840 4428 4724 4759 4596 4372 4486 3965 4411 4725 4154 4714 4402 4856 4624 4168 4369 4422 4107 4748 4500 4580 4365 4795 4538 4449 4292
4777 5076 5075 4694 5567 5044 5366 5075 4888 5278 5024 5171 5328 4578 5202 5154 4714 5174 5092 5297 4932 5303 5176 5575 4714 5149 5377 4425 4735 4948 4767 4748 4786 4990 4472 5445 5464 5068 5364 4789 4867 5162 4959 5141 5078 4999 5096 5092 5317 5534 5470 5437 5023 4909 5397 4928 4688 5686 4774 4983 4685 4985 5078 5315 5064 5242 4885 5455 5016 5467 4819 5242 5097 5708 5065 5266 5430 5250 4901 5366 4870 5121 5231 4875 5006 4794 5382 5267 4800 5585 4944 4851 5391 5156 5227 5302 5532 4941 4961 4434
5003 5680 5408 5261 5886 5634 5761 5431 5006 6086 5735 5750 5420 5028 5475 5912 5145 5829 5774 5557 5216 5466 5828 6017 4976 5278 5271 4677 4929 5290 5054 5380 5770 5149 4813 5783 6028 5438 5592 5509 5184 5302 5671 5144 5362 5351 5062 5512 5813 5256 5487 5546 5260 5455 5609 5461 5315 6046 5586 5224 5062 5240 5498 5491 5556 5396 5391 5901 5521 6108 5284 5415 5639 6041 5535 5737 5598 5527 5211 5566 5013 5268 5562 5397 5702 5131 5974 5539 5202 5625 5334 5315 5898 5333 5718 5772 5804 5587 5523 5255
5096 5765 5807 5355 6001 5559 5680 5438 5466 5764 5679 5610 5685 5180 5737 5587 5023 5697 5700 6002 5208 5634 5662 5787 5345 5550 5546 4923 5040 5392 5547 5303 5403 5282 4907 5973 5965 5446 5308 5517 5252 5707 5476 5606 5358 5365 5493 5502 5720 5392 5754 5664 5315 5530 5933 5540 5200 6213 5091 5067 5154 5406 5674 5765 5699 5504 5459 6013 5509 6163 5427 5651 5419 5844 5415 5848 5939 5602 5238 5654 5353 5462 5775 5714 5762 5358 5730 5755 5414 5716 5240 5153 6003 5422 5754 5688 5920 5459 5244 5143
4640 5149 4829 4901 5378 5255 5050 4858 4852 5363 5241 5065 5193 4848 5204 5248 4612 5321 4763 5121 5012 5031 5265 5410 4705 4899 5258 4162 4628 4597 4912 4942 5109 4900 4420 5182 5463 4852 4992 5115 4714 5340 4884 4971 4860 4856 4775 4993 5150 4968 4983 5092 4990 4872 5444 5206 4790 5396 5002 4649 4651 4858 5032 5504 4734 4907 4946 5317 5235 5497 4933 4806 5042 5245 5184 5362 5335 5077 4702 5200 4399 4859 5047 5161 5067 4584 5520 5083 5093 5120 4777 4574 5319 5021 5457 5101 5533 5061 4847 4767
4679 5198 5444 4765 5264 5180 5584 5044 5043 5392 5295 5469 5022 4759 5389 5221 4523 5463 4999 5185 4932 5325 5396 5018 4676 5133 4973 4703 4538 4778 4886 5177 5193 4865 4855 5382 5478 4955 5007 5064 4655 5467 5158 5354 5062 5226 5146 4955 5555 5136 4993 4920 5017 5076 5221 4957 4666 5538 4990 4885 4728 5014 4858 5466 5265 4925 5091 5560 5001 5542 5207 5262 5120 5614 5124 5541 5633 5069 4944 5178 4484 5417 5137 5097 4991 5116 5567 5262 5039 5176 4856 4750 5296 5116 5042 5347 5449 4972 5294 4607
4212 4494 4396 4255 4729 4561 4590 4500 4724 4438 4413 4376 4814 4134 4735 4675 3944 4441 4517 4825 4561 4506 4722 4716 4120 4340 4813 4109 4039 4522 4440 4323 4239 4208 3988 4835 4660 4282 4340 4700 4149 4358 4182 4539 4320 4446 4439 4605 4554 4366 4739 4433 4508 4266 5124 4551 4146 4660 4167 4221 4272 4588 4495 4557 4590 4556 4540 4885 4636 4584 4434 4408 4346 4616 4471 4601 4788 4628 4530 4543 4248 4454 4490 4602 4452 4232 4767 4369 4366 4541 4299 4079 5020 4542 4835 4689 4933 4385 4440 4071
4875 5062 5235 4447 5574 5200 5159 5103 4923 5001 5294 5067 5346 4630 5453 5049 4826 5225 5115 5382 4893 5070 5163 5195 4933 5009 4978 4794 4975 4799 4771 4807 4870 4867 4348 5220 5496 5058 4996 5216 4671 5276 5063 5255 4573 4698 4771 5053 5524 5032 5039 5320 5232 5162 5189 4962 4833 5471 4898 4728 4824 4884 4953 5052 4967 5087 5149 5330 4945 5453 4951 5128 5120 5146 5187 4938 5494 5179 5174 5248 4825 5209 4989 4906 5145 4850 5823 5155 4824 5381 4594 4878 5373 4896 5269 5082 5002 4979 5271 4650
4485 4938 5049 4928 5442 5035 5012 4983 4719 5031 5107 5112 4914 4613 5358 5327 4689 4904 4714 5592 4731 4975 5228 5106 4921 4854 4996 4395 4468 4748 4949 4773 5008 4925 4426 5414 5383 5043 4826 4740 4674 5049 4946 5155 4866 5019 5088 4917 5170 4890 4843 5312 4630 4620 5419 4891 4565 5354 4990 4604 4421 4886 4729 5063 4728 4962 4822 5342 4959 5204 4851 5050 4932 5319 4996 5231 5165 4969 5023 5028 4520 4881 5043 4894 5117 4945 5399 5151 4851 5115 4935 4775 5444 5151 5165 5189 5520 4877 4815 4256
5003 5243 5189 4882 5302 5502 5639 5447 5228 5474 5335 5390 5107 4987 5566 5206 4533 5433 5421 5556 5082 5412 5747 5369 4878 5263 5309 4771 4806 5215 5051 5115 5233 4996 4705 5522 5584 5232 5141 5011 4931 5482 5274 5351 5379 5191 5157 4980 5666 5062 5189 5161 5244 5334 5597 5207 4921 5650 4744 5025 4756 4954 5438 5495 5282 5209 5339 5642 5078 5639 5309 5152 5333 5897 5212 5590 5535 5072 5266 5352 4786 5590 5402 5217 5320 5201 5658 5459 4947 5311 4997 4962 5744 5305 5324 5369 5235 5087 5125 4925
4240 4838 4725 4471 4843 4931 4824 4455 4410 4700 4836 4896 4397 4276 4896 4772 3821 5028 4661 4765 4322 4369 4862 4551 4235 4535 4687 4143 4164 4166 4242 4406 4853 4558 4509 4812 4734 4463 4488 4439 4022 4836 4659 4751 4231 4404 4696 4605 4931 4601 4352 4567 4507 4415 5001 4567 4414 4958 4421 4202 4444 4271 4345 4862 4617 4792 4633 4837 4484 5112 4527 4544 4475 4800 4760 4520 4931 4739 4422 4513 4239 4500 4882 4453 4742 4566 5058 4733 4490 4719 4517 4422 4679 4166 4796 4588 4886 4400 4427 4315
4624 5312 5425 5060 5842 5386 5311 5096 5165 5678 5414 5403 5298 4956 5718 5737 4743 5313 5437 5549 5122 5183 5556 5750 5083 5135 5574 4825 4970 5011 4958 5014 4939 5124 4894 5375 5698 5258 5172 5108 5052 5412 5126 5529 5293 5081 5274 5245 5543 5217 5434 5705 5106 5279 5708 5233 4893 5839 5258 4929 4988 5259 5092 5543 4928 5340 5391 5576 5144 5739 5235 5196 5208 5852 5278 5694 5539 5163 4784 5461 4483 5304 5545 5411 5124 5126 5599 5387 5093 5525 4978 5046 5809 5123 5215 5627 5500 5170 4992 4893
4486 5014 4784 4358 5084 5211 4794 4974 4550 5114 4738 5181 4829 4433 4959 5026 4455 5018 5023 4962 4563 4732 5077 5202 4331 4614 4666 4203 4477 4659 4786 4817 4849 4722 4224 4701 5134 4632 4824 4971 4633 4945 5011 5017 4702 4391 4595 4672 5346 4868 5059 5048 4912 4736 5053 4889 4739 5362 4951 4710 4599 4799 4758 5098 4788 4884 4787 5090 4916 4911 4755 4686 5096 5075 4948 4801 5297 4829 4812 4965 4301 4670 4730 4724 4646 4535 5495 4771 4582 5228 4704 4916 5234 4853 5027 5332 5040 5025 4766 4461
4467 4885 4753 4739 5161 4722 5116 4593 4630 5059 4916 4676 4667 4489 4995 4683 4491 4869 4713 5072 4553 4649 4723 4741 4321 4757 5003 4211 4360 4472 4467 4297 4870 4767 4349 4599 4772 4620 4458 4481 4336 5151 4722 5071 4476 4833 4974 4610 4745 4853 4561 5017 4458 4655 4999 4784 4643 5269 4599 4760 4222 4636 4643 4643 4413 4880 4493 4935 4485 5325 4668 4682 4657 5011 5176 4789 4849 4692 4729 4695 4500 4707 4556 4663 4640 4889 5067 4840 4557 4889 4519 4403 4947 4686 4777 4890 4820 4758 4363 4309
5020 5723 5507 5356 5685 5716 6005 5449 5273 5956 5542 5909 5543 5197 5744 5804 4831 5725 5605 5732 5032 5371 5809 5647 5070 5340 5252 4999 4639 4955 5065 5530 5614 5318 5095 5747 5941 5519 5583 5440 5110 5484 5498 5360 5675 5424 5382 5489 5673 5087 5610 5573 5305 5361 5609 5292 5421 6289 5378 5077 5141 5115 5214 5929 5554 5606 5408 6018 5445 6251 5288 5554 5383 6078 5454 5654 5594 5588 5200 5346 4957 5233 5732 5524 5341 5215 5639 5766 5102 5836 5208 5415 5941 5539 5613 5743 5785 5326 5337 5403
4842 5240 5215 4858 5379 5310 5777 5032 4848 5333 5463 5462 4917 4551 5487 5238 4842 5264 5164 5331 4910 5188 5468 5152 4831 4777 5318 4540 4526 5041 5022 4794 5142 5104 4612 5219 5417 5399 4885 5145 4769 5261 4901 5347 4856 5119 4902 4962 5615 5264 5126 5226 5000 4914 5509 5145 4796 5492 5240 4735 4731 4970 5104 5406 5063 5291 4903 5619 5200 5588 4917 5404 4898 5693 5003 5334 5195 5284 4945 5201 4586 4937 5336 4948 4911 5280 5706 4760 4865 5270 4889 4955 5615 5029 5301 5016 5298 4976 5190 4604
4163 4729 4645 4307 4705 4860 4915 4452 4477 4836 4559 4792 4754 4286 4712 4636 4120 5002 4655 4704 4224 4319 4791 4697 4306 4757 4660 3908 4173 4256 4308 4214 4413 4395 4215 4990 4805 4549 4514 4565 4280 4654 4620 4634 4616 4305 4539 4615 4552 4601 4709 4866 4707 4589 4717 4681 4656 5198 4226 4282 4653 4295 4556 4894 4366 4674 4617 5035 4593 5025 4672 4798 4771 4894 4643 4617 5036 4682 4563 4747 4397 4767 4924 4615 4803 4544 4733 4688 4288 5272 4471 4482 4964 4353 4959 4895 4983 4256 4405 4331
4960 5330 5234 4717 5622 5336 5366 5105 5156 5201 5236 5314 5472 4907 5305 5158 4613 5237 5062 5481 5195 5313 5577 5705 4762 5231 5213 4451 4659 4806 4951 5223 5067 4749 4691 5427 5703 5083 5220 5016 4823 5510 4971 5279 5102 5069 5033 5305 5582 5134 5303 5357 5082 4922 5559 5149 4923 5736 4919 4648 4742 4970 5122 5412 5472 5214 5049 5523 5167 5621 5033 5157 5099 5794 5100 5487 5649 5280 5007 5396 4995 5210 5207 5055 5266 4990 5427 5322 5140 5161 4866 4752 5504 5203 5240 5280 5555 5080 5291 4709
4775 5091 4948 4548 5306 5123 5078 4981 4820 5214 5084 5029 4927 4651 5106 4948 4490 5056 4928 5247 4644 4954 5132 5046 4644 4755 5012 4367 4401 4621 4762 4758 4810 4817 4394 5201 5324 4726 4787 4698 4787 5122 4825 5074 4688 4751 4972 4733 4909 4996 4938 5092 4625 4895 4955 4977 4722 5385 4749 4800 4663 4758 4907 5029 4906 5041 4795 5446 5021 5346 4841 4929 4907 5223 5020 4861 5285 5103 4842 5080 4524 4771 4902 4674 4975 4750 5450 4851 4759 5061 4660 4841 5185 5091 5017 4909 5209 5149 4812 4554
5334 5799 5780 5093 5929 5770 5734 5568 5279 5791 5659 5874 5771 5405 5757 5633 4965 5782 5757 5585 5632 5694 5887 5852 5366 5309 5506 4874 4913 5166 5549 5436 5729 5343 4898 5972 6339 5408 5633 5749 5491 5499 5557 5466 5495 5427 5452 5745 5978 5524 6001 5654 5373 5560 5780 5516 5278 6016 5408 5207 5210 5611 5567 5872 5844 5560 5612 5946 5676 5928 5421 5431 5559 5922 5414 5518 5806 5437 5503 5786 5340 5297 5558 5404 5590 5207 6026 5706 5277 5842 5253 5597 5948 5637 5644 6012 6033 5561 5553 5289
4991 5319 5433 5135 5512 5628 5495 5266 5135 5593 5649 5684 5652 5235 5452 5414 4898 5363 5335 5560 5017 5571 5695 5622 5157 5317 5404 4531 4875 5064 5396 5417 5412 5135 4956 5449 5866 5500 5276 5428 5112 5683 5598 5516 5259 5104 5166 5410 5702 5290 5465 5383 5392 5348 5756 5493 5309 5787 5348 5073 5165 5310 5416 5885 5369 5010 5406 6004 5683 5786 5206 5589 5631 5800 5262 5668 5823 5397 5358 5756 4799 5426 5337 5426 5300 4968 5754 5428 5301 5516 5089 5116 5636 5251 5753 5322 5668 5436 5194 5124
4720 4899 4812 4542 5036 4990 5103 5122 4578 5067 5095 4811 4944 4746 5064 5120 4107 4992 4772 4862 4452 4933 5093 5011 4482 4694 4998 4473 4123 4662 4697 4808 4695 4801 4432 5050 5267 4857 4840 4791 4501 5066 5009 5203 4777 4559 4925 4798 4985 4983 4874 4911 4837 4894 5153 4743 4683 5028 4587 4488 4508 4896 4833 5240 5033 4749 4994 4971 4989 5344 4892 4998 4720 5118 4580 5208 5421 4930 4880 5103 4471 4937 5032 4698 4814 4732 5466 4745 4618 4783 4567 4911 4971 4864 5177 4844 5272 4968 4904 4464
4621 5162 5038 4719 5412 5002 5074 4966 4990 5138 5274 5296 5406 4464 5455 5170 4716 5205 4934 5331 4690 5552 5585 5207 4738 4811 5121 4539 4846 4870 4832 4749 4966 4926 4299 5267 5779 5034 4843 5002 4589 5037 5024 5008 4728 4670 4675 5307 5253 4859 5178 5401 4754 5191 5258 4920 4865 5430 4754 4518 4872 5000 5070 5381 5134 5165 4717 5367 5232 5443 5008 5070 4772 5386 4942 5276 5279 5309 5231 5152 4957 5332 5247 4951 4984 4879 5689 5016 4934 5320 4670 4742 5544 4982 5518 5158 5344 4916 5113 4512
4570 4937 4948 4718 5467 5066 5030 4907 4542 5255 5326 5031 5123 4633 4951 5037 4460 4830 5207 4968 4738 4893 5159 5221 4674 4782 4781 4108 4765 4785 4769 4700 4828 4896 4350 5161 5244 5029 4744 4970 4424 4776 5021 5209 4830 4312 4817 4919 5313 4885 5123 5108 4823 5082 5327 4893 4815 5221 4780 4658 4560 4825 4732 5211 5139 4954 5039 5170 5210 5281 4973 4746 4900 5551 4730 4838 4979 5294 5030 5203 4735 4855 5147 5018 4914 4475 5395 4808 4857 5051 4752 4887 5311 4997 5361 4994 5194 4917 4827 4444
4751 5086 5070 4781 5277 4932 5263 5214 4733 5199 5095 4881 5083 4563 5154 5347 4496 5374 4911 5336 4751 5210 5203 5076 4513 5148 5023 4584 4565 4791 4668 4691 4734 4879 4713 5411 5384 5274 4851 5009 4429 5265 4885 5055 4872 4784 4936 4810 5188 4843 4884 5084 4974 5108 5324 5020 4571 5444 4869 4371 4699 4877 4565 5250 4829 4902 4923 5223 4928 5614 5004 5017 4897 5343 4787 5155 5252 5022 4821 5121 4619 4949 5180 4864 5245 4796 5167 4885 4681 5463 4689 4881 5049 4976 4960 5030 5389 5215 4957 4585
4836 5256 5270 5009 5860 5243 5546 4923 5224 5570 5292 5383 5205 4839 5591 5521 4854 5170 5304 5405 4901 5400 5325 5295 5524 4981 5362 4572 4802 4856 5170 5101 5312 5070 4687 5374 6068 5219 5149 5175 5130 5298 5117 5618 5193 4827 5258 5395 5453 5188 5392 5203 5010 5296 5580 5059 5193 5772 5224 4786 4619 4852 5339 5553 5111 5221 4983 5502 5385 5838 5080 5310 5192 5936 5177 5161 5316 5363 4853 5219 4784 5058 5313 5285 5093 4953 5876 5239 5093 5475 4989 5013 5738 5163 5546 5403 5503 5280 4970 4751
4369 5259 4750 4444 5113 4863 4984 4602 4986 4989 4853 5185 4801 4399 5187 4750 4671 5094 5076 5038 4721 5081 5469 5043 4824 4717 4767 4410 4746 4486 4703 4839 4901 5078 4356 5079 5322 4713 4783 4637 4577 5062 5045 5067 5054 4822 4648 4538 4979 4689 4818 5050 4890 4898 4831 4784 4727 5331 4529 4673 4659 4767 4827 5022 4580 4893 4898 5038 5097 5302 4629 4998 4732 5042 4897 5216 5255 4728 4451 4923 4440 4858 5161 4699 4840 4577 5582 4970 4688 5025 4820 4621 5027 4643 5050 5057 4995 4593 4567 4545
4724 5551 5338 5088 5701 5377 5436 5387 5231 5451 5592 5491 5263 4979 5772 5626 4839 5326 5256 5954 5037 5321 5594 5405 5136 5072 5375 4928 4658 5180 5378 5095 5343 5032 5143 5935 5774 5398 5161 5153 4761 5246 5194 5519 4901 5084 5443 5155 5294 5101 5255 5402 5023 5441 5727 5214 5227 5761 4996 4813 5056 5132 5023 5549 5046 5067 4995 5991 5572 5764 5155 5117 5222 5562 5325 5787 5830 5305 5006 5280 4986 5159 5538 5289 5449 5187 5585 5391 5210 5524 5123 5188 5690 5382 5386 5618 5690 5467 4694 4839
4664 5190 5124 4817 5103 5503 5330 5047 5337 5258 5049 5442 5201 4817 5436 5178 4674 5293 5147 5348 4852 5085 5658 5386 4803 5208 5247 4425 4924 4857 5226 4942 5242 5016 4589 5391 5327 4911 5005 5260 4693 5259 4957 5212 5233 5216 4907 4886 5318 5194 5366 5163 5176 4887 5470 5049 5033 5865 4816 4757 4925 5106 5152 5507 5370 5043 5016 5686 5354 5571 4892 5234 5248 5396 5276 5340 5560 5248 5295 5292 4619 5231 5249 5103 5131 5035 5538 5255 4817 5208 5071 4976 5575 5039 5652 5182 5462 5012 5180 5084
4985 5871 5415 5323 5683 5791 5519 5230 5236 5805 5477 5600 5688 4915 5858 5546 4926 5781 5664 5632 5133 5534 5819 5627 5160 5058 5496 5002 4743 5260 5130 5309 5524 5105 4615 5615 5685 5277 5468 5264 5052 5790 5462 5304 5463 5140 5297 5052 5704 5229 5727 5414 5185 5345 5648 5205 5107 5780 4779 5083 5003 5149 5168 5623 5522 5492 5431 5903 5543 5995 5333 5207 5365 5684 5482 5542 5784 5598 5355 5488 4920 5315 5742 5297 5449 5186 6010 5361 5060 5474 5210 5127 5972 5133 5524 5502 5574 5219 5211 5239
4782 5353 5206 4840 5293 5060 5254 4768 4988 5249 5139 5241 5271 4902 5490 5427 4600 5183 4967 5361 4805 5391 5628 5229 4751 5220 4999 4685 4413 4708 4863 4761 4921 4883 4429 5704 5433 4975 5110 5125 5086 5445 5198 5116 4807 5112 4852 4943 5460 5185 5234 4965 4938 5062 5525 4931 4647 5856 4587 4568 4710 4889 5282 5203 5476 5014 5209 5364 5212 5582 5124 5242 4959 5261 4951 5037 5559 5199 5100 5154 4886 4964 5149 5262 5169 5078 5572 4993 5060 5353 4891 4866 5415 4963 5100 5157 5402 5233 5198 4790
4767 5135 5157 4855 5496 5516 5207 5164 5190 5217 5109 5167 5194 4714 5297 5353 4673 5631 5444 5261 4828 5241 5394 5465 4945 5041 5191 4571 4684 4861 4950 5040 4917 4961 4876 5238 5739 5140 4944 4967 4643 5304 4921 5096 5208 4762 5065 5064 5356 4943 5393 5166 5044 5007 5302 5092 4854 5302 4897 4639 5011 4946 4891 5370 5171 5466 4947 5206 5188 5322 4991 5106 5152 5580 5362 5500 5739 5166 4754 5467 4880 5349 5543 5099 5386 5051 5776 5292 4810 5169 4771 4754 5366 4693 5109 5088 5640 5056 4975 4779
4361 4760 4909 4551 5145 5002 4957 4643 4719 5465 4960 4803 4630 4230 4946 4844 4521 5146 4970 4952 4613 4964 4963 5087 4281 5009 4831 4104 4299 4518 4547 4789 4636 4764 4429 5058 5005 4765 4538 4735 4187 5150 4987 4691 4828 4552 4643 4464 5029 4565 4785 4918 4605 4713 4968 4642 4484 5473 4540 4433 4512 4603 4672 5158 4432 4822 4718 4851 4742 5390 4764 4986 4910 5428 5057 4936 5143 4810 4767 4967 4413 4951 4904 4876 4911 4658 5118 4720 4611 5043 4513 4337 5187 4530 5078 4955 5246 4962 4460 4568
5201 5858 5876 5778 6050 5861 6021 5812 5621 6066 5918 5924 5902 5418 6123 6034 5265 5930 5549 6135 5540 5842 6059 5890 5389 5815 5744 5066 5311 5620 5444 5587 5746 5313 5132 6033 6087 5565 5740 5603 5369 5923 5771 5626 5782 5571 5687 5782 5958 5521 5873 5787 5494 5585 6115 5473 5477 6394 5357 5321 5003 5434 5638 5784 5689 5755 5485 6034 5810 6349 5800 5475 5773 6036 5842 5855 5953 5874 5714 5699 5288 5513 6009 5826 5985 5610 6173 5891 5479 6052 5610 5510 6460 5527 5782 6063 6139 5613 5468 5141
4565 4811 4734 4440 5281 4930 5025 4689 4429 5305 4841 4937 5043 4543 4978 5098 4246 4781 4673 4911 4734 4663 4888 4767 4573 4591 5040 4142 4383 4404 4519 4663 4684 4618 4357 5134 5352 4878 4910 4619 4540 5003 4964 5084 4963 4513 4835 4628 4761 4867 4835 4765 4478 4699 5131 5151 4665 5390 4801 4475 4274 4544 4760 5167 4477 4898 4833 5067 4908 5133 4646 4692 5044 5315 4748 4643 5130 5063 4538 4847 4277 4653 4918 4584 4888 4570 5358 4868 4684 5054 4854 4660 4983 4897 4968 4886 5325 4915 4553 4426
4472 5206 5068 4642 5089 5116 5165 4945 5052 5170 4872 5164 5102 4659 5255 5174 4356 5216 5104 5048 4887 5123 5432 5248 4576 5030 4840 4281 4462 4837 4792 4490 4647 4537 4432 5288 5517 4779 4900 4978 4937 5042 4932 4675 4983 4865 4879 4860 5227 5031 5196 4938 4842 5191 4994 5011 4723 5521 4762 4793 4752 4789 4893 5276 4885 5036 4924 5442 4982 5220 5019 4951 5054 5592 4743 5045 5324 5006 4991 5162 4445 4928 5217 5138 4721 4717 5358 5134 4827 5444 4747 4481 5587 4873 5006 5206 5327 5166 4838 4817
4655 4851 4969 4715 5235 5266 5244 4865 5041 5155 5061 5485 4921 4680 5182 5244 4323 5176 5212 5344 4676 4957 5347 5264 4457 5038 5060 4330 4859 4826 4678 4744 5231 4794 4536 5243 5404 4935 4914 5058 4706 4941 4909 5026 4781 4913 4734 5187 5340 4982 4939 5001 4807 4850 5042 5104 4684 5426 4978 4845 4729 4713 4931 5190 5204 5128 4856 5364 5204 5312 4898 5080 5069 5470 5187 5029 5076 5133 5060 5142 4559 5038 5152 4900 5024 4993 5534 4973 4573 5112 4972 4700 5286 5040 5195 5342 5387 4827 4952 4427
4924 5334 5304 5131 5411 5431 5300 5271 5041 5655 5555 5412 5162 5085 5682 5467 4870 5426 5077 5499 4798 5415 5660 5462 4952 5049 5227 4539 4643 4817 5125 5460 5289 5015 4676 5707 5872 5195 5225 5080 5002 5556 5529 5327 5428 4992 5363 5208 5510 5205 5413 5414 4979 5232 5342 5161 5110 5670 5044 5100 4777 5067 4913 5789 5145 5229 5151 5772 5332 5643 5220 5269 5318 5865 5179 5677 5694 5320 5337 5486 4718 5304 5251 5195 5258 5180 5690 5665 5276 5525 5262 4850 5503 5106 5565 5261 5570 5122 5179 4957
4758 5140 4999 4779 5342 5136 5376 5106 5268 4878 5079 5095 4905 4577 5364 5032 4576 5102 5020 5538 4815 5055 5167 4715 4907 4890 4868 4776 4621 4684 4782 4541 5121 4943 4637 5277 5373 4903 4739 5029 4670 5304 4859 5250 4866 5014 5190 4927 5415 4849 4882 4924 4845 5039 5178 4780 4923 5463 4770 4939 4630 4774 4977 5138 5041 5092 4875 5658 5103 5423 4850 5252 4750 5218 5056 4919 5251 4776 4878 4978 4794 4882 4957 5005 5012 5012 5522 5036 4682 5238 4704 4660 5420 5081 5160 5174 5185 4977 4720 4817
4552 4794 5135 4555 5352 5081 4976 4825 4620 5192 4949 5238 5062 4652 4932 5112 4592 5065 4788 4867 4975 4820 5000 5217 4599 4687 5144 4218 4591 4684 4558 4599 4800 4772 4344 5040 5199 4892 4866 4727 4847 5498 4805 5127 4746 4664 4854 4856 5097 5243 5078 5080 4646 4804 5246 4917 4666 5403 4890 4721 4682 4660 4948 5267 4877 5095 4972 5184 4755 5248 4899 4751 5157 5526 5046 5084 5126 4854 4791 5389 4363 4799 4852 4831 5037 4885 5387 5272 4602 5047 4575 4266 5201 4964 5332 5077 5270 4714 4951 4583
3659 4056 4222 3878 4229 4450 4466 4121 4158 4194 4411 4053 4083 3760 4250 4184 3627 4355 4312 4307 3774 4239 4293 4054 3737 4123 3985 3665 3555 3674 3771 3667 4088 3761 3919 4326 4350 4010 4032 3949 3674 4157 4088 4296 4010 3966 4105 4247 4337 4357 4125 4053 3902 4061 4325 4045 4022 4449 3982 3825 3979 3841 4002 4475 4121 4130 3916 4375 4139 4393 4323 4153 4125 4379 4227 4178 4306 4223 4170 4064 4021 4096 4085 4254 4012 4219 4376 4239 4170 4376 3761 3909 4427 4130 4182 4157 4287 4160 3974 3755
4798 5370 4866 4871 5457 5208 5094 5298 4939 5302 5161 5120 5269 4959 5696 5468 4858 5156 4877 5312 5150 5184 5252 5340 5026 4890 5417 4773 4381 4903 4922 4934 4950 4936 4479 5391 5895 5127 5240 5005 4971 5191 5146 5324 5110 4917 5412 5096 4969 5074 5265 5464 5162 5066 5485 4951 5086 5605 4958 4802 4593 5072 5086 5170 4935 5295 5122 5445 4986 5612 4931 5205 5043 5632 5257 5203 5731 5222 4948 5590 4621 4882 5131 5074 5315 4879 5551 5308 4905 5416 4839 5156 5648 5086 5392 5177 5481 5181 5301 4637
4718 5138 4960 4681 5431 4923 5340 5071 4858 5460 5223 5174 5119 4835 5148 5133 4849 5002 5114 5386 4884 5134 5134 5246 4758 4868 5012 4591 4460 4669 4960 4929 4855 4861 4381 5709 5573 4947 5034 5101 4760 5146 5069 4855 4723 4886 5196 5002 5375 4972 5228 5161 4976 4945 5248 4856 4463 5563 4778 4939 4645 4990 5066 5111 5249 5052 4940 5430 4928 5370 4921 4937 4907 5612 4828 5158 5467 5200 4799 5090 4911 5047 4970 4893 4924 4729 5576 5220 5156 5363 4898 4670 5343 5019 5266 5355 5326 5293 4981 4640
4878 5241 5365 4955 5893 5394 5412 5130 5166 5654 5522 5537 5238 4969 5669 5430 4822 5474 5508 5350 5223 5134 5326 5590 4792 5176 5504 4814 5015 5022 4931 4993 5452 5139 4843 5378 5603 5248 5159 5222 4734 5117 5195 5422 5310 5036 5269 5127 5378 5330 5436 5465 4979 5182 5560 5293 5205 5908 5183 4866 5064 5264 4924 5378 5177 5699 5252 5595 5239 5824 5058 5239 5361 5932 5513 5479 5552 5329 5151 5448 4989 5111 5247 5220 5495 5329 5544 5457 5178 5548 5093 4999 5559 5272 5307 5568 5462 5388 5080 4957
4153 4364 4422 3995 4657 4476 4651 4460 4118 4675 4695 4614 4391 3938 4568 4516 3961 4511 4312 4288 4104 4434 4436 4690 4062 4264 4305 3863 3921 4161 3841 4358 4377 4057 3752 4300 4871 4573 4385 4240 4177 4166 4453 4098 4409 4134 4223 4546 4432 4395 4700 4318 4219 4327 4388 4313 4298 4696 4350 4005 4045 4215 4235 4305 4369 4411 4195 4766 4561 4793 3930 4391 4253 5043 4100 4493 4357 4607 4259 4599 3906 4146 4551 4301 4321 4151 4497 4178 4186 4439 3921 4101 4844 4023 4391 4372 4548 4380 4207 4031
4668 4950 4938 4650 5198 5124 4862 4729 4917 4969 4924 4889 4705 4637 5343 4852 4501 5206 5078 5297 4769 4895 4870 5229 4780 4864 5120 4511 4479 4586 5014 4677 4707 4810 4396 5174 5305 4893 4904 4721 4664 5075 4779 5073 4798 4674 5097 4659 5085 4762 5074 5043 4774 4720 5265 4763 4700 5152 4684 4638 4804 4688 5056 4892 4730 5455 4916 4924 4836 5188 4775 4927 5055 5150 4902 4959 5260 5000 4766 5418 4697 4842 4973 4791 4816 4831 5547 5043 4675 4932 4682 4726 5193 4687 5088 5208 5247 4773 4547 4461
4425 4895 4918 4650 5321 4939 4932 4830 4726 5155 4960 4947 4974 4648 5127 4890 4325 5123 4824 4784 4718 4933 5321 4973 4494 4749 5170 4371 4399 4641 4523 4996 4859 4714 4420 5245 5226 4694 4821 4707 4625 5045 4851 5140 5130 4476 4693 4898 5041 4752 5046 4828 4680 4573 5055 4900 4331 5160 4427 4463 4159 4864 4821 5028 4874 4872 5168 5232 4814 5352 4934 4714 4839 5282 4671 4901 5089 5021 4787 4852 4415 4805 4893 4529 5049 4439 5216 4779 4624 4884 4692 4613 5064 4734 4789 4949 4914 4863 4827 4376
4398 4614 4907 4679 5245 4723 4666 4846 4594 4796 5120 4474 4882 4307 4814 4944 4560 5130 4857 4801 4594 4852 4829 4915 4292 4540 4395 4264 4211 4274 4543 4349 4705 4468 4209 4965 5212 4492 4492 4829 4353 4872 4746 4824 4406 4374 4623 4903 5096 4365 4602 4778 4644 4796 4907 4467 4397 4908 4470 4356 4581 4796 4520 4924 4706 4755 5037 4978 4874 5237 4766 4660 4715 4807 4556 4748 4764 4687 4430 4899 4498 4639 4667 4756 4710 4235 5260 4764 4561 4852 4215 4266 4697 4488 4782 4861 4917 4713 4597 4380
4891 5249 5315 4993 5725 5554 5481 5383 5086 5608 5578 5633 5398 4748 5475 5662 4856 5639 5505 5412 5035 5252 5703 5649 5133 5363 5354 4923 5056 4909 4945 5376 5474 5304 4631 5336 5560 5389 5255 5277 4842 5441 5254 5451 5411 5245 4982 5044 5467 5471 5546 5323 5414 5232 5311 5197 4876 5913 5284 4853 5099 5253 5179 5362 5436 5404 5181 5724 5448 5611 5080 5014 5235 5530 5246 5672 5757 5070 5190 5285 4802 5389 5496 5312 5129 4918 5761 5366 5093 5534 5180 5193 5791 4692 5329 5773 5379 4980 5418 4890
4733 5139 5263 4907 5435 5077 5299 4962 4694 5483 5273 5333 5301 4749 5435 5366 4710 5452 4900 5151 5074 5223 5189 5483 4750 5030 5061 4420 4715 4910 4921 4876 4949 4820 4366 5244 5411 5068 5176 5329 5040 5274 5263 4947 4965 4984 4833 4914 5325 5184 5136 5343 4713 4893 5262 5134 4675 5791 4804 4815 4815 4862 4947 5275 5067 4837 5208 5492 5148 5484 4899 5231 5340 5428 5009 5274 5014 5028 4911 5323 4507 4856 5052 5095 4790 4914 5554 5074 4714 5447 4889 4747 5361 5203 5143 5225 5430 5121 5288 4763
4493 4900 4885 4783 5213 5125 4902 4753 4719 5145 5122 5211 4785 4557 5275 5157 4607 5047 4888 5369 4215 4769 5154 5114 4645 4602 5137 4105 4612 4544 4589 4708 4994 4777 4184 5423 5529 4681 4899 4567 4590 5101 4972 4885 4732 4723 4713 4756 4915 4839 5039 5032 4662 4505 4974 4907 4627 5197 4742 4659 4472 4743 4957 5013 4777 4995 4743 5439 5039 5330 4389 4853 4924 5260 4849 5108 5283 4988 4744 4971 4449 4978 5007 4843 4906 4839 5497 4870 4702 4758 4840 4648 5174 4671 5130 4828 4919 4736 4912 4704
4390 4811 4887 4661 5409 4878 5001 4708 4639 5323 5178 5168 5015 4428 5181 5153 4735 4981 5005 5263 4642 5037 5334 5104 4335 4713 4831 4265 4477 4446 4510 4733 4879 4656 4447 5197 5153 5063 4983 4558 4442 5011 4731 5029 5109 4953 4705 4872 5219 4643 4920 5188 4662 4707 5135 4668 4676 5444 4668 4545 4617 4696 4749 5229 4491 5145 4808 5340 4984 5359 4670 5060 5104 5459 4904 5212 5183 5159 4629 5034 4604 5052 5024 4896 4850 4756 4987 5128 4868 5089 4611 4421 5166 4895 5077 5080 5112 4787 4468 4504
4674 4919 5143 4542 5318 4979 5345 4750 4886 5451 5206 5313 5183 4733 5047 5378 4572 5062 5154 5074 4729 5098 5336 5190 4590 5022 4889 4429 4507 4777 4709 4626 4897 4863 4683 5271 5434 5127 4946 5022 4959 4859 4959 4912 5024 4937 5080 4946 4930 5044 5120 4937 4836 5082 5192 4975 4885 5621 4901 5028 4972 4979 4878 5287 4924 4920 4903 5478 5259 5185 5114 4900 5104 5504 4850 5462 5499 4890 4490 5053 4618 5035 5173 5329 5011 4702 5040 5204 4830 5270 4705 4860 5481 4850 5298 5392 5152 5042 5042 4901
4692 5412 5325 5260 5443 5396 5395 5229 5160 5466 5375 5350 5436 4793 5478 5246 4796 5435 4813 5592 5051 5285 5353 5247 5070 5041 5167 4429 4713 4810 5021 5032 5112 4847 4538 5487 5624 4903 5221 5217 4699 5766 5335 5185 5028 4950 5187 5052 5401 4849 5238 5221 5007 4868 5445 5019 5111 5723 4908 4958 4681 5011 5073 5421 5007 5056 5227 5567 5341 5617 5066 5139 5236 5522 5477 5442 5522 5096 4966 5367 4682 5221 5393 5290 4994 4760 6053 5375 4964 5688 4917 4681 5441 5100 5364 5252 5640 5041 5026 4982
4514 5126 5432 4654 5758 5215 5213 4982 4834 5532 5058 5223 5364 4833 5499 5302 5280 5054 5075 5393 4947 5206 5183 5463 5006 4857 4991 4696 4794 5082 5166 4796 4846 5000 4526 5599 5583 4865 5020 5010 5002 5170 5066 5258 4765 5003 4984 5018 5151 5006 5307 5615 4936 5160 5437 5031 4838 5757 4861 5022 4680 4993 5423 5166 4949 5067 5163 5586 5005 5683 5153 5121 5250 5520 5033 5371 5327 5258 4972 5235 4666 5061 5050 5125 5044 4981 5586 5188 4740 5299 4942 4708 5658 5184 5497 5319 5313 5131 4953 4710
4603 5023 5030 4791 5251 5160 5148 4892 5043 5169 4989 5177 5065 4605 5348 5232 4624 5033 5046 5249 4631 5170 5378 5085 4917 4801 5262 4464 4827 4818 4750 4793 5084 4827 4303 5536 5483 4908 4790 4905 4922 5145 4946 5179 4883 4812 5060 5140 5063 5232 5075 5036 4986 5137 5165 4843 4741 5164 4821 5027 4750 4909 4868 4955 4953 5046 4824 5457 5030 5288 4754 5167 4950 5368 5142 5013 5408 5154 5331 5031 4569 5164 5151 4858 5210 5016 5541 5149 4817 5158 4924 4591 5390 4953 5375 5308 5232 4889 4998 4484
4437 5104 4774 4615 4931 5098 5088 4688 4350 4989 5030 5481 4664 4395 5109 5031 4533 5401 4748 5089 4579 4945 4988 4919 4393 4736 4662 4667 4282 4793 4348 4735 4683 4259 4444 4992 5128 4904 4907 4745 4426 5010 4745 4544 4572 4792 4463 4448 5344 4453 4472 4907 4460 4447 5036 4268 4445 5092 4491 4411 4544 4235 4627 4887 4728 4895 4558 5163 4604 5240 4817 4661 5015 5022 5089 5039 5084 4797 4537 4863 4363 4803 4739 4733 4927 4728 5276 5021 4597 4825 4388 4648 5087 4629 4823 5171 4878 4550 4769 4466
4409 4603 5035 4696 5096 5094 5032 4855 4879 5099 5023 4787 4754 4639 4924 4644 4605 4877 5023 5028 4682 4999 5213 5081 4762 4740 4729 4129 4704 4661 4982 4642 4668 4756 4390 5143 5412 4605 4453 4760 4556 4884 4783 4844 4748 4609 4849 4778 4987 4774 5044 5054 4681 4884 5002 4595 4454 5117 4603 4701 4486 4896 4834 5120 4665 4935 4821 5298 4982 5193 5072 4700 4753 5193 4816 5171 5179 4775 4571 4869 4558 4896 5055 4769 4693 4552 5140 4786 4664 5139 4700 4391 5336 4498 4939 4894 4870 4653 4492 4548
4503 4896 4837 4559 4956 4857 4908 4739 4531 5155 4779 4909 4971 4501 4981 4977 4370 4904 4729 4979 4561 5033 5147 4897 4384 4716 4683 4151 4332 4518 4679 4976 4665 4448 4154 4936 5355 4657 4757 4734 4755 4949 4759 4778 4698 4593 4466 4592 4994 4637 4961 4872 4502 4747 4971 4665 4476 5335 4459 4326 4314 4655 4785 5152 4771 4705 4747 4987 4839 5142 4881 4708 4885 5128 4808 4910 5198 4787 4586 4807 4399 4842 4765 4597 4801 4638 5303 4987 4611 4937 4809 4544 5144 4549 5156 4850 5104 4591 4658 4440
5002 5400 5327 5180 5565 5500 5620 5250 5139 5645 5170 5246 5387 4941 5544 5620 5049 5305 5283 5494 5135 5451 5425 5268 5106 5192 5718 4433 4888 4891 5096 4927 5309 5245 4764 5453 5417 5155 5185 5035 4961 5628 5362 5818 5138 5277 5256 4891 5644 5412 5693 5534 5134 5415 5431 5411 5118 5837 5068 4966 4921 5090 5103 5690 5134 5075 5122 5691 5176 5642 5083 5237 5238 5703 5400 5399 5636 5165 5274 5419 5032 5207 5183 5125 5044 5133 5960 5418 5106 5406 5340 4950 5420 5136 5735 5305 5639 4927 4967 5148
5063 5250 5157 4822 5428 5384 5551 5268 4991 5422 5104 5391 5474 5053 5686 5505 4772 5415 5367 5355 5033 5401 5544 5268 5103 5062 5350 4785 4581 4987 5167 4974 5113 4915 4649 5797 5670 5315 5286 5091 4950 5440 5201 5400 5424 5255 5089 5243 5589 5313 5447 5397 4978 5148 5441 5156 4733 5959 4909 4727 5207 5065 5368 5914 5283 5261 5065 5815 5534 5498 5177 5222 5491 5635 5136 5601 5664 5259 4912 5344 4915 5319 5220 5139 5084 5001 5671 5310 4779 5335 4722 5317 5706 5211 5513 5357 5624 5011 5110 5086
4463 5238 5274 4902 5505 5200 5094 5004 4922 5351 5002 5176 5389 4921 5368 5347 4713 5173 4848 5520 5065 5015 5206 5291 4835 5036 4962 4420 4797 4898 5278 5146 5040 4910 4540 5334 5539 4776 4933 5102 4859 5414 5087 5105 4776 4621 5006 4888 5303 4854 5386 5463 5139 4974 5540 4800 4886 5761 4752 4713 4319 5013 5077 5457 5043 5090 5164 5327 4989 5638 4874 5019 5023 5483 5251 5179 5506 5141 4996 5220 4627 5227 5163 5225 4994 4752 5408 5296 4843 5121 5069 4665 5413 5005 5219 5300 5447 5104 4866 4538
4856 5225 5258 4915 5527 5413 5374 5207 5229 5384 5233 5431 5441 4746 5467 5568 5048 5350 5141 5730 4909 5359 5399 5417 4865 5198 5285 4652 4955 4923 5009 4991 5056 5009 4482 5206 5610 5336 5211 5109 4965 5418 5173 5219 5092 5049 4990 5113 5440 5139 5313 5572 5173 5032 5631 5167 5043 5906 5268 4913 4737 5025 5287 5389 5040 5335 5137 5307 5357 5608 5183 5532 5300 5616 5493 5401 5535 5437 5261 5746 4775 5388 5261 5023 5237 5045 5657 5416 5063 5452 4979 4676 5738 5319 5477 5250 5474 5453 4994 4640
4209 4369 4880 4450 5063 4942 4702 4676 4590 4909 5035 5037 4530 4278 4874 4829 4376 4874 4726 4839 4243 4537 4973 4908 4423 4661 4801 4184 4404 4443 4413 4331 4706 4770 4128 4808 4903 4926 4521 4631 4240 4701 4514 4712 4556 4398 4410 4671 4990 4551 4769 5005 4723 4520 5083 4419 4576 5193 4661 4104 4491 4641 4784 4996 4510 4769 4600 4825 4776 5135 4385 4654 4823 5171 5149 4846 4801 4634 4651 4805 4120 4834 4945 4603 4720 4451 5214 4623 4338 4839 4275 4452 4923 4459 5035 4721 4679 4707 4347 4350
4239 4922 4561 4520 5014 4962 4797 4382 4633 4899 4824 5088 4934 4531 4981 4830 4426 4808 4816 5007 4860 4649 5047 5066 4540 4401 4828 4095 4461 4608 4685 4423 4878 4648 4376 5063 5266 4565 4716 4860 4453 4699 4819 4870 4326 4541 4687 5027 4711 4691 4889 4706 4689 4530 5347 4753 4628 5036 4451 4620 4520 4654 4726 4782 4765 4657 4792 5069 5166 5172 4528 4538 4792 4987 4798 4672 5073 4976 4908 4822 4414 4566 4948 4729 4733 4432 5000 4597 4490 4965 4453 4556 5119 4784 4942 4916 4921 4762 4361 4430
4805 5364 5327 4864 5297 5437 5513 5198 5020 5493 5306 5852 5103 5000 5246 5407 4630 5406 5237 5411 4869 4914 5398 5468 4733 5076 5304 4664 4752 4907 5006 5328 5237 4973 4751 5443 5589 5184 5125 5221 4682 5268 5067 4876 5262 5106 4910 5042 5449 5186 5457 5378 5115 4980 5269 5305 5117 5707 4949 4853 4966 5014 5151 5381 5177 5236 5093 5666 5352 5613 4751 5218 5245 5716 5144 5418 5596 5339 5048 5416 4885 5247 5382 5109 5263 5163 5553 5532 4905 5388 4870 4879 5513 5190 5467 5329 5482 5313 4943 5033
5045 5594 5496 5405 5818 5659 5703 5493 5370 5781 5670 5755 5836 5156 5738 6143 5023 6081 5611 6024 5412 5462 5511 6009 5157 5502 5726 5063 5020 5423 5322 5358 5357 5228 5171 5799 5734 5533 5522 5506 4846 5757 5501 5509 5286 5402 5262 5159 5439 5348 5650 5711 5378 5349 5820 5586 5117 6062 5232 4801 5080 5250 4996 5764 5429 5351 5510 5637 5714 6066 5387 5407 5582 5980 5684 6105 5936 5534 5424 5646 5108 5803 5822 5532 5628 5336 5822 5657 5196 5716 5163 5449 5843 5296 5427 5703 6013 5409 5109 4998
4098 4644 4477 4325 4828 4908 4748 4387 4403 4928 4478 4650 4740 4490 4918 4951 4429 4619 4605 4735 4429 4650 4700 4828 4493 4372 4606 3949 4055 4177 4426 4431 4403 4338 4229 4933 5066 4353 4834 4396 4477 4990 4690 4807 4573 4442 4613 4581 4745 4621 4660 4854 4515 4466 4767 4510 4254 5084 4460 4351 4286 4263 4574 4962 4255 4632 4513 5055 4675 5108 4595 4585 4931 5165 4521 4552 5167 4761 4542 4587 4110 4339 4516 4607 4685 4508 4987 4811 4548 4798 4410 4333 4955 4377 4858 4646 4932 4580 4315 4273
4332 5032 4837 4569 5026 4893 4960 4794 4510 5001 4905 4898 4862 4368 5023 5135 4378 4902 4836 4738 4528 4676 5062 5170 4488 4537 4918 4351 4122 4542 4728 4786 4692 4817 4315 4846 4922 4722 4818 4720 4534 4610 4911 4889 4694 4542 4524 4657 4944 4823 4831 5140 4759 4872 5099 4926 4611 5389 4661 4639 4525 4681 4895 4968 5050 4802 4757 5294 4769 5118 4631 4827 4867 5103 4474 4896 5229 4819 4646 4913 4210 4616 4830 4661 4765 4528 5255 5166 4544 5125 4881 4692 5064 4797 5056 4598 4857 4752 4771 4584
4390 4544 4823 4397 4960 4866 4970 4697 4830 5015 4951 4842 4508 4415 4896 4951 4262 4882 4776 4569 4447 4942 4761 4619 4161 4770 4672 4082 4134 4263 4281 4367 4881 4548 4145 4817 4893 4526 4530 4708 4290 4719 4589 4613 4492 4445 4691 4720 4848 4646 4629 4711 4519 4769 4704 4576 4348 5071 4583 4586 4441 4520 4548 4940 4518 4789 4702 4776 4857 4931 4979 4871 4517 5213 4949 4923 4735 4531 4498 4836 4411 4755 4586 4618 4529 4466 5204 4749 4440 5035 4318 4251 4894 4669 4962 4841 4856 4622 4587 4106
4592 5081 5222 4747 5598 5194 5000 5063 4832 5038 5251 5136 5341 4660 5232 5163 4558 5201 5030 5508 4934 5015 5107 5273 5108 4832 4780 4612 4575 4680 4931 4961 5018 4700 4548 5231 5394 5052 4914 4916 4578 5363 5116 5104 4833 4757 4864 4923 5348 4597 4923 5150 4729 4923 5349 4871 4712 5468 4922 4428 4415 4606 4858 5200 4938 4904 5017 5347 4949 5390 4888 4922 5030 5173 4838 5094 5051 4976 4953 5294 4671 4946 5140 4922 5162 4624 5368 5301 4714 5098 4728 4500 5275 4995 5013 5089 5336 4935 4667 4561
4085 4977 4613 4426 4785 4950 4834 4591 4629 4775 4768 4818 4698 4193 5245 5180 4154 4830 4909 4882 4500 4895 4789 4847 4514 4640 4834 4330 4143 4570 4477 4363 4605 4584 4431 5010 5267 4502 4639 4628 4300 4677 4623 4804 4482 4674 4647 4562 4746 4790 4559 5068 4493 4453 4834 4704 4171 5177 4740 4214 4471 4486 4635 5071 4683 4754 4478 5084 4652 5029 4762 4789 4671 4927 4576 4627 5071 4761 4447 4732 4218 4503 4955 4846 4790 4534 5181 4824 4485 5135 4583 4578 5268 4775 4909 4713 5053 4623 4888 4423
4736 5247 5195 5189 5586 5547 5692 5211 5029 5477 5382 5786 5515 5192 5628 5639 4791 5555 5373 5443 4935 5367 5485 5407 4934 5239 5439 5014 4708 5186 4902 5051 5472 5133 5256 5857 5919 5394 5334 5296 4684 5412 5446 5370 5356 5041 5204 5243 5479 5249 5237 5452 5325 5221 5746 4997 5221 5821 4929 4796 5219 5130 5194 5708 5273 5258 5268 5840 5511 5685 5290 5374 5431 5492 5263 5659 5799 5412 5210 5219 5048 5405 5514 5405 5353 5103 5593 5433 5086 5430 5192 5293 5634 5211 5450 5659 5800 5202 5056 5070
4494 4562 5239 4946 5309 5132 5204 5006 4739 5163 5291 5142 4956 4798 5061 5329 4768 5139 4922 4800 4696 4755 5027 5279 4451 4953 5133 4237 4668 4895 4696 4778 5065 4733 4365 5092 5392 5059 4774 5031 4690 5114 5112 4944 4992 4645 4958 5138 5138 5184 5052 5434 5000 4888 5324 5014 4665 5494 4781 4634 4726 5139 4689 5174 4963 4903 5236 5278 5052 5360 4870 4914 5099 5487 5034 5345 5160 4950 4917 5297 4335 4851 5002 4980 4887 4985 5282 5108 4692 5072 4595 4543 5307 4874 5128 5141 5194 4933 4950 4659
4478 5198 4937 4369 5202 5001 4895 4661 4736 5366 4865 5031 4811 4200 5144 5106 4386 5067 5211 5184 4668 5102 5075 5214 4707 4739 4893 4146 4250 4662 4748 4661 4995 4748 4562 5078 5216 4571 4822 4806 4405 5075 4976 5219 4500 4611 4803 4715 5049 4759 4935 4895 4513 4888 5072 4929 4554 5513 4661 4627 4469 4599 4861 5236 5040 4747 4827 5167 4950 5125 5003 4991 4724 4987 4881 4988 5294 4715 4873 4878 4536 4737 4786 4961 4943 4710 5399 4765 4723 5311 4778 4732 5370 4745 5051 5283 5299 4861 4818 4424
5129 5143 5530 5350 5473 5598 5884 5488 5228 5892 5688 5795 5343 5302 5599 5659 4766 5635 5399 5563 4941 5644 5608 5411 4935 5393 5444 4921 4984 5047 5324 5277 5458 5283 5309 5662 5748 5468 5169 5418 4814 5525 5608 5544 5418 5150 5478 5466 5772 5250 5576 5407 5149 5432 5782 5145 5184 5948 4975 4961 5247 5207 5096 5974 5730 5378 5294 5777 5659 6078 5322 5399 5356 6033 5174 5655 5700 5303 5315 5483 5222 5585 5618 5292 5453 5398 5646 5605 5171 5715 5263 5181 5700 5277 5575 5726 5596 5317 4934 5050