0.25 0.61 0.63 0.54 0.21 0.89 0.50 0.77 0.38 0.09 
0.47 0.00 0.09 0.71 0.77 0.02 0.24 0.71 0.13 0.44 
0.51 0.80 0.20 0.57 0.38 0.42 0.66 0.35 0.24 0.52 
0.91 0.49 0.13 0.54 0.02 0.34 0.43 0.52 0.11 0.80 
0.61 0.57 0.81 0.70 0.29 0.58 0.72 0.52 0.28 0.84 
0.97 0.79 0.64 0.17 0.36 0.02 0.58 0.02 0.37 0.82 
0.53 0.28 0.31 0.66 0.82 0.33 1.00 0.25 0.85 0.10 
0.05 0.45 0.68 0.85 0.15 0.96 0.43 0.87 0.49 0.71 
0.71 0.45 0.50 0.35 0.62 0.86 0.38 0.20 0.87 0.75 
0.02 0.40 0.03 0.33 0.06 0.85 0.66 0.06 0.10 0.50 
