0.16 0.14 0.95 0.84 1.00 0.10 0.80 0.43 0.97 0.29 
0.14 0.68 0.74 0.63 0.03 0.36 0.49 0.41 0.57 0.36 
0.15 0.59 0.77 0.18 0.92 0.83 0.03 0.58 0.89 0.13 
0.08 0.06 0.27 0.03 0.90 0.27 0.14 0.70 0.69 0.11 
0.99 0.83 0.78 0.73 0.46 0.82 0.09 0.95 0.23 0.66 
0.31 0.38 0.25 0.08 0.56 0.18 0.91 0.59 0.75 0.80 
0.71 0.83 0.86 0.98 0.86 0.75 0.25 1.00 0.45 0.94 
0.10 0.44 0.77 0.89 0.17 0.23 0.70 0.27 0.18 0.93 
0.93 0.49 0.31 0.18 0.57 0.87 0.36 0.48 0.46 0.11 
0.28 0.17 0.94 0.14 0.15 0.80 0.89 0.40 0.79 0.34 
