0.35 0.90 0.78 0.11 0.78 0.96 0.34 0.49 0.22 0.52 
0.42 0.15 0.01 0.72 0.33 0.58 0.59 0.69 0.05 0.05 
0.80 0.34 0.22 0.74 0.47 0.38 0.54 0.37 0.78 0.33 
0.71 0.12 0.23 0.50 0.24 0.01 0.45 0.58 0.50 0.67 
0.10 0.91 0.82 0.11 0.64 0.16 0.68 0.23 0.85 0.74 
0.28 0.65 0.07 0.50 0.39 0.55 0.87 0.93 0.91 0.65 
0.26 0.63 0.78 0.49 0.12 0.02 0.51 0.57 0.59 0.00 
0.24 0.69 0.91 0.07 0.80 0.55 0.23 0.48 0.78 0.08 
0.22 0.06 0.73 0.30 0.56 0.12 0.84 0.43 0.05 0.76 
0.08 0.32 0.38 0.86 0.81 0.50 0.88 0.32 0.08 0.47 
