0.41 0.75 1.58 1.38 1.21 0.99 1.30 1.20 1.35 0.38 
0.61 0.68 0.83 1.34 0.80 0.38 0.73 1.12 0.70 0.80 
0.66 1.39 0.97 0.75 1.30 1.25 0.69 0.93 1.13 0.65 
0.99 0.55 0.40 0.57 0.92 0.61 0.57 1.22 0.80 0.91 
1.60 1.40 1.59 1.43 0.75 1.40 0.81 1.47 0.51 1.50 
1.28 1.17 0.89 0.25 0.92 0.20 1.49 0.61 1.12 1.62 
1.24 1.11 1.17 1.64 1.68 1.08 1.25 1.25 1.30 1.04 
0.15 0.89 1.45 1.74 0.32 1.19 1.13 1.14 0.67 1.64 
1.64 0.94 0.81 0.53 1.19 1.73 0.74 0.68 1.33 0.86 
0.30 0.57 0.97 0.47 0.21 1.65 1.55 0.46 0.89 0.84 
